Key: points
Shape: (29726, 4)
Values:
[[32.429  4.257  1.315  0.   ]
 [32.129  4.32   1.305  0.07 ]
 [32.483  4.472  1.318  0.   ]
 [32.356  4.558  1.314  0.   ]
 [32.101  4.676  1.306  0.   ]
 [49.783  7.586  1.912  0.   ]
 [56.239  9.57   2.138  0.24 ]
 [56.075  9.724  2.134  0.18 ]
 [55.946  9.882  2.13   0.44 ]
 [21.146  3.787  0.936  0.24 ]] ... (total 118904 elements)
--------------------------------------------------
Key: use_lead_xyz
Value: True
--------------------------------------------------
Key: voxels
Shape: (18251, 5, 4)
Values:
[[[21.146  3.787  0.936  0.24 ]
  [ 0.     0.     0.     0.   ]
  [ 0.     0.     0.     0.   ]
  [ 0.     0.     0.     0.   ]
  [ 0.     0.     0.     0.   ]]

 [[21.118  3.851  0.935  0.14 ]
  [ 0.     0.     0.     0.   ]
  [ 0.     0.     0.     0.   ]
  [ 0.     0.     0.     0.   ]
  [ 0.     0.     0.     0.   ]]

 [[21.381  4.073  0.945  0.34 ]
  [ 0.     0.     0.     0.   ]
  [ 0.     0.     0.     0.   ]
  [ 0.     0.     0.     0.   ]
  [ 0.     0.     0.     0.   ]]

 [[21.072  4.082  0.935  0.2  ]
  [ 0.     0.     0.     0.   ]
  [ 0.     0.     0.     0.   ]
  [ 0.     0.     0.     0.   ]
  [ 0.     0.     0.     0.   ]]

 [[20.753  4.088  0.924  0.16 ]
  [ 0.     0.     0.     0.   ]
  [ 0.     0.     0.     0.   ]
  [ 0.     0.     0.     0.   ]
  [ 0.     0.     0.     0.   ]]

 [[20.509  4.107  0.916  0.29 ]
  [ 0.     0.     0.     0.   ]
  [ 0.     0.     0.     0.   ]
  [ 0.     0.     0.     0.   ]
  [ 0.     0.     0.     0.   ]]

 [[20.524  4.177  0.917  0.52 ]
  [ 0.     0.     0.     0.   ]
  [ 0.     0.     0.     0.   ]
  [ 0.     0.     0.     0.   ]
  [ 0.     0.     0.     0.   ]]

 [[19.94   4.09   0.897  0.14 ]
  [ 0.     0.     0.     0.   ]
  [ 0.     0.     0.     0.   ]
  [ 0.     0.     0.     0.   ]
  [ 0.     0.     0.     0.   ]]

 [[19.749  4.115  0.891  0.37 ]
  [ 0.     0.     0.     0.   ]
  [ 0.     0.     0.     0.   ]
  [ 0.     0.     0.     0.   ]
  [ 0.     0.     0.     0.   ]]

 [[19.714  4.172  0.891  0.44 ]
  [ 0.     0.     0.     0.   ]
  [ 0.     0.     0.     0.   ]
  [ 0.     0.     0.     0.   ]
  [ 0.     0.     0.     0.   ]]] ... (total 365020 elements)
--------------------------------------------------
Key: voxel_coords
Shape: (18251, 3)
Values:
[[ 39 875 422]
 [ 39 877 422]
 [ 39 881 427]
 [ 39 881 421]
 [ 39 881 415]
 [ 39 882 410]
 [ 39 883 410]
 [ 38 881 398]
 [ 38 882 394]
 [ 38 883 394]] ... (total 54753 elements)
--------------------------------------------------
Key: voxel_num_points
Shape: (18251,)
Values:
[1 1 1 1 1 1 1 1 1 1] ... (total 18251 elements)
--------------------------------------------------
Key: real_coords
Shape: (18251, 6)
Values:
[[21.1   3.75 -3.   21.15  3.8   1.  ]
 [21.1   3.85 -3.   21.15  3.9   1.  ]
 [21.35  4.05 -3.   21.4   4.1   1.  ]
 [21.05  4.05 -3.   21.1   4.1   1.  ]
 [20.75  4.05 -3.   20.8   4.1   1.  ]
 [20.5   4.1  -3.   20.55  4.15  1.  ]
 [20.5   4.15 -3.   20.55  4.2   1.  ]
 [19.9   4.05 -3.   19.95  4.1   1.  ]
 [19.7   4.1  -3.   19.75  4.15  1.  ]
 [19.7   4.15 -3.   19.75  4.2   1.  ]] ... (total 109506 elements)
--------------------------------------------------
